-73.9396160232,40.7480929913
-73.970502169,40.758335768
-73.9719084818,40.7571079385
-73.9700886256,40.7596307288
-73.9705329928,40.7590023943
-73.9709917944,40.7583747272
-73.9714516354,40.7577482386
-73.9719072775,40.7571245933
-73.9723620078,40.7564980553
-73.9712321396,40.7560253168
-73.9717231036,40.7555765698
-73.9718187738,40.7554490524
-73.97167918,40.755390335
-73.971194369,40.7551864778
-73.970683208,40.7549707627
-73.9710586158,40.7543101909
-73.9694309982,40.7536240007
-73.9677115413,40.7528885008
-73.9673043658,40.7527143287
-73.9673469762,40.7526553446
-73.9674871611,40.7524608463
-73.9677099033,40.7521519587
-73.9677441495,40.7520822697
-73.967765055,40.7520326402
-73.967838573,40.7518593454
-73.9680762234,40.751490054
-73.9681196391,40.7514325181
-73.9681602093,40.7513751369
-73.9685186921,40.7508672044
-73.9685567187,40.7508134037
-73.9686037925,40.750749054
-73.9689702248,40.7502474969
-73.9690252873,40.7501720479
-73.9690700876,40.750109119
-73.9690346449,40.7500953798
-73.9689080653,40.7500462341
-73.9687947915,40.7500022519
-73.9691087557,40.7495458981
-73.9691626398,40.749462331
-73.9692090334,40.7493959029
-73.96925638,40.749329123
-73.9693874479,40.7491335498
-73.969532378,40.7489070212
-73.9696181475,40.7489294072
-73.9698400533,40.7489879611
-73.9699541505,40.7490169056
-73.9700436502,40.7489280707
-73.9701438631,40.748835818
-73.9705675848,40.7481588325
-73.9709141623,40.7476908734
-73.9709215382,40.74768112
-73.9709413103,40.7476125621
-73.9709647062,40.7475394422
-73.9709278613,40.74752452
-73.9708093205,40.7474766192
-73.9706884265,40.7474277063
-73.9710436113,40.7469312668
-73.9711271418,40.7468144517
-73.9714831671,40.7463168471
-73.971528078,40.7462540984
-73.9715797474,40.7461832121
-73.9717186822,40.7462373296
-73.9718307701,40.7462811182
-73.9722369282,40.7457272049
-73.9726523149,40.7459046758
-73.9729192287,40.746016774
-73.973642068,40.7463202124
-73.9743701456,40.7466223414
-73.9744029508,40.7465764198
-73.9744132389,40.7465620977
-73.9745729033,40.7463387564
-73.9746225368,40.7462691119
-73.974649648,40.7462314273
-73.9746749509,40.7461957986
-73.9747224538,40.7461260451
-73.9747915385,40.7461395408
-73.974864048,40.7461536976
-73.9749269644,40.7460675053
-73.9749782401,40.7459988662
-73.9752346173,40.74565567
-73.9753378974,40.7455171367
-73.975394009,40.7454420542
-73.9754390107,40.7453808361
-73.9753121355,40.7453434958
-73.9755698968,40.7449947259
-73.9755282395,40.7449769699
-73.975515068,40.7449708173
-73.975496053,40.7449981242
-73.9753853241,40.7449506577
-73.9754241556,40.7448978528
-73.975477745,40.744825
-73.975507991,40.7447836496
-73.9755215398,40.7447652125
-73.9756832374,40.7448334002
-73.9757575879,40.7447274904
-73.97582389,40.7446288961
-73.9758571912,40.7446431547
-73.9762215232,40.744141465
-73.9762767032,40.7440652027
-73.9763316421,40.7439892085
-73.9766636488,40.7435173189
-73.9766884441,40.7434837571
-73.9767467435,40.7434048197
-73.9771278041,40.7429003927
-73.9771746972,40.7428391907
-73.9772909845,40.742887065
-73.9794966443,40.7438224763
-73.9803961523,40.7441994118
-73.9811088909,40.74449821
